generation,# of moves until defeat playing first against minimax,# of moves until defeat playing second against minimax
10,15,10
100,41,10
101,41,16
102,41,10
103,15,16
104,17,10
105,15,16
106,17,10
107,41,16
11,19,10
12,19,10
13,19,10
14,19,10
15,19,10
16,19,10
17,19,10
18,19,10
19,19,10
2,15,12
20,15,10
21,15,10
22,15,10
23,19,10
24,15,10
25,19,10
26,15,10
27,15,16
28,15,16
29,15,16
3,15,12
30,19,10
31,15,16
32,15,16
33,27,10
34,15,16
35,27,10
36,19,10
37,27,10
38,15,16
39,15,10
4,15,12
40,27,10
41,15,16
42,15,16
43,15,16
44,15,16
45,15,16
46,15,16
47,15,16
48,15,16
49,15,16
5,15,10
50,15,10
51,15,10
52,15,10
53,15,10
54,15,10
55,15,10
56,27,10
57,27,10
58,27,10
59,27,10
6,15,10
60,15,16
61,15,16
62,15,16
63,15,16
64,15,16
65,15,16
66,15,16
67,15,16
68,15,16
69,15,16
7,23,20
70,27,16
71,15,16
72,27,16
73,41,16
74,27,16
75,41,16
76,27,16
77,27,16
78,33,16
79,15,10
8,15,10
80,25,16
81,15,10
82,41,16
83,15,10
84,41,16
85,15,10
86,41,16
87,19,16
88,33,16
89,19,16
9,15,10
90,33,16
91,17,10
92,33,16
93,27,16
94,27,16
95,25,16
96,27,16
97,25,16
98,17,16
99,19,16

Time elapsed: 276559
Parameters used:
popSize = 100,
keepNBest = 50,
mutationRate = 0.2,
crossoverRate = 0.7,
maxMutation = 0.2,
roundRobin = false
