generation,# of moves until defeat playing first against minimax,# of moves until defeat playing second against minimax
10,19,10
100,17,14
101,17,14
102,17,14
11,21,10
12,19,10
13,21,10
14,19,10
15,19,10
16,19,10
17,19,10
18,19,14
19,19,14
2,25,10
20,19,14
21,19,14
22,19,14
23,19,14
24,19,14
25,19,14
26,19,14
27,17,10
28,19,10
29,17,10
3,25,10
30,23,14
31,17,10
32,23,14
33,17,10
34,19,16
35,17,10
36,31,10
37,17,10
38,31,10
39,17,10
4,31,10
40,31,10
41,17,10
42,23,10
43,19,10
44,23,10
45,19,10
46,23,10
47,19,10
48,23,10
49,19,10
5,31,10
50,23,10
51,19,10
52,19,10
53,17,10
54,19,10
55,19,8
56,19,10
57,19,12
58,23,10
59,19,12
6,19,10
60,23,10
61,19,18
62,19,18
63,19,18
64,19,18
65,19,18
66,19,18
67,19,18
68,19,18
69,19,18
7,19,10
70,19,18
71,19,18
72,17,10
73,19,18
74,17,10
75,19,18
76,17,10
77,19,18
78,17,10
79,19,18
8,19,10
80,17,10
81,19,18
82,17,10
83,19,18
84,17,10
85,19,18
86,17,10
87,19,18
88,17,10
89,19,18
9,19,10
90,17,10
91,19,18
92,19,10
93,19,10
94,19,10
95,19,10
96,19,10
97,17,14
98,17,14
99,17,14

Time elapsed: 461040
Parameters used:
popSize = 20,
keepNBest = 10,
mutationRate = 0.2,
crossoverRate = 0.7,
maxMutation = 0.5,
roundRobin = true
