generation,# of moves until defeat playing first against minimax,# of moves until defeat playing second against minimax
10,23,10
100,21,8
101,21,8
102,21,8
11,23,10
12,23,10
13,21,8
14,23,10
15,23,8
16,23,8
17,23,8
18,23,8
19,23,8
2,25,14
20,23,8
21,23,8
22,23,8
23,23,8
24,23,8
25,23,8
26,23,8
27,23,8
28,23,8
29,23,8
3,25,14
30,23,8
31,23,8
32,23,8
33,23,8
34,23,8
35,23,8
36,17,8
37,21,8
38,23,8
39,21,8
4,25,14
40,23,8
41,21,8
42,23,8
43,21,8
44,23,8
45,21,8
46,23,8
47,21,8
48,23,8
49,15,8
5,13,8
50,23,8
51,15,8
52,21,8
53,15,8
54,23,8
55,21,8
56,21,8
57,21,8
58,21,8
59,21,8
6,17,8
60,21,8
61,21,8
62,21,8
63,21,8
64,21,8
65,21,8
66,21,8
67,21,8
68,21,8
69,21,8
7,23,10
70,21,8
71,21,8
72,21,8
73,21,8
74,21,8
75,21,8
76,21,8
77,21,8
78,21,8
79,21,8
8,23,10
80,21,8
81,21,8
82,21,8
83,21,8
84,21,8
85,21,8
86,21,8
87,21,8
88,21,8
89,21,8
9,23,10
90,21,8
91,21,8
92,21,8
93,21,8
94,21,8
95,21,8
96,21,8
97,21,8
98,21,8
99,21,8

Time elapsed: 183789
Parameters used:
popSize = 20,
keepNBest = 10,
mutationRate = 0.2,
crossoverRate = 0.7,
maxMutation = 1.0,
roundRobin = true
