generation,# of moves until defeat playing first against minimax,# of moves until defeat playing second against minimax
10,15,10
100,17,12
11,15,10
12,15,10
13,15,10
14,15,10
15,15,10
16,15,10
17,15,10
18,15,10
19,15,10
2,15,10
20,15,10
21,15,10
22,15,10
23,15,10
24,15,10
25,15,10
26,15,10
27,15,10
28,15,10
29,15,10
3,15,10
30,15,10
31,15,10
32,15,10
33,15,10
34,15,10
35,15,10
36,15,10
37,15,10
38,15,10
39,15,10
4,15,10
40,15,10
41,15,10
42,15,10
43,15,10
44,15,10
45,15,10
46,15,10
47,15,10
48,15,10
49,15,10
5,15,10
50,15,10
51,15,10
52,15,10
53,15,10
54,15,10
55,15,10
56,15,10
57,15,10
58,15,10
59,15,10
6,15,10
60,15,10
61,15,10
62,15,10
63,15,10
64,15,10
65,15,10
66,15,10
67,15,10
68,15,10
69,15,10
7,15,10
70,15,10
71,17,12
72,17,12
73,17,12
74,17,12
75,17,12
76,17,12
77,17,12
78,17,12
79,17,12
8,15,10
80,17,12
81,17,12
82,17,12
83,17,12
84,17,12
85,17,12
86,17,12
87,17,12
88,17,12
89,17,12
9,15,10
90,17,12
91,17,12
92,17,12
93,17,12
94,17,12
95,17,12
96,17,12
97,17,12
98,17,12
99,17,12

Time elapsed: 171729
Parameters used:
popSize = 20,
keepNBest = 10,
mutationRate = 0.9,
crossoverRate = 0.7,
maxMutation = 0.2,
roundRobin = false
