generation,# of moves until defeat playing first against minimax,# of moves until defeat playing second against minimax
10,19,10
100,23,10
11,19,10
12,19,10
13,15,10
14,19,10
15,19,10
16,19,10
17,19,10
18,19,10
19,23,10
2,19,10
20,23,10
21,23,10
22,23,10
23,23,10
24,23,10
25,23,10
26,23,10
27,19,10
28,23,10
29,19,10
3,19,10
30,23,10
31,19,10
32,23,10
33,19,10
34,23,10
35,19,10
36,23,10
37,19,10
38,23,10
39,19,10
4,19,10
40,23,10
41,19,10
42,23,10
43,19,10
44,23,10
45,19,10
46,23,10
47,19,10
48,23,10
49,19,10
5,19,10
50,23,10
51,19,10
52,23,10
53,19,10
54,23,10
55,19,10
56,23,10
57,19,10
58,23,10
59,19,10
6,19,10
60,23,10
61,19,10
62,23,10
63,19,10
64,23,10
65,19,10
66,23,10
67,19,10
68,23,10
69,19,10
7,19,10
70,23,10
71,19,10
72,23,10
73,19,10
74,23,10
75,19,10
76,23,10
77,19,10
78,23,10
79,19,10
8,19,10
80,23,10
81,19,10
82,23,10
83,19,10
84,23,10
85,19,10
86,23,10
87,19,10
88,23,10
89,19,10
9,19,10
90,23,10
91,19,10
92,23,10
93,19,10
94,23,10
95,19,10
96,23,10
97,15,10
98,23,10
99,15,10

Time elapsed: 77235
Parameters used:
popSize = 20,
keepNBest = 10,
mutationRate = 0.3,
crossoverRate = 0.7,
maxMutation = 0.2,
roundRobin = false
