generation,# of moves until defeat playing first against minimax,# of moves until defeat playing second against minimax
10,23,16
100,15,28
101,17,28
102,17,28
103,17,22
104,15,28
105,15,10
106,15,28
11,23,16
12,23,16
13,23,16
14,15,22
15,33,18
16,33,18
17,33,18
18,33,18
19,19,10
2,13,22
20,19,10
21,19,10
22,19,10
23,19,10
24,23,16
25,23,16
26,15,10
27,15,10
28,15,10
29,19,10
3,13,22
30,15,16
31,15,16
32,15,16
33,15,16
34,15,16
35,15,16
36,15,16
37,15,16
38,23,24
39,13,18
4,13,22
40,13,18
41,13,18
42,13,18
43,13,18
44,13,18
45,13,18
46,13,18
47,13,18
48,13,18
49,13,18
5,13,22
50,13,18
51,13,18
52,13,18
53,13,18
54,13,18
55,13,18
56,13,18
57,13,18
58,13,18
59,13,18
6,13,22
60,13,18
61,13,18
62,13,18
63,13,18
64,13,18
65,13,18
66,13,18
67,13,18
68,13,18
69,13,18
7,17,26
70,13,18
71,13,18
72,13,18
73,13,18
74,13,18
75,13,18
76,13,18
77,13,18
78,13,18
79,15,10
8,15,14
80,13,18
81,15,10
82,13,18
83,15,10
84,13,18
85,15,10
86,17,28
87,15,10
88,17,28
89,15,10
9,17,18
90,17,28
91,15,10
92,15,28
93,15,10
94,15,28
95,15,10
96,15,28
97,15,10
98,33,22
99,17,28

Time elapsed: 310350
Parameters used:
popSize = 100,
keepNBest = 50,
mutationRate = 0.2,
crossoverRate = 0.4,
maxMutation = 0.2,
roundRobin = true
