generation,# of moves until defeat playing first against minimax,# of moves until defeat playing second against minimax
10,11,10
100,17,10
101,17,14
102,17,10
103,17,10
11,23,10
12,23,10
13,23,10
14,23,10
15,23,10
16,17,10
17,17,10
18,23,10
19,11,10
2,11,10
20,27,10
21,11,10
22,27,10
23,23,10
24,17,10
25,27,10
26,27,10
27,27,10
28,11,10
29,25,10
3,11,10
30,11,10
31,25,10
32,11,10
33,11,10
34,17,10
35,11,10
36,17,10
37,11,10
38,17,10
39,11,10
4,11,10
40,13,14
41,11,10
42,13,14
43,11,10
44,11,10
45,11,10
46,11,10
47,11,10
48,27,10
49,11,10
5,17,10
50,27,10
51,17,10
52,27,10
53,17,10
54,23,10
55,23,10
56,23,10
57,23,10
58,23,10
59,23,10
6,11,10
60,23,10
61,23,10
62,23,10
63,23,10
64,23,10
65,23,10
66,23,10
67,23,10
68,23,10
69,23,10
7,17,10
70,23,10
71,23,10
72,23,10
73,23,10
74,23,10
75,23,10
76,17,10
77,23,14
78,23,10
79,23,14
8,11,10
80,23,10
81,23,14
82,23,10
83,17,10
84,23,10
85,17,10
86,23,10
87,17,10
88,17,14
89,17,10
9,11,10
90,23,10
91,11,8
92,23,10
93,23,14
94,17,10
95,23,14
96,17,14
97,23,10
98,17,10
99,23,10

Time elapsed: 220554
Parameters used:
popSize = 100,
keepNBest = 10,
mutationRate = 0.2,
crossoverRate = 0.7,
maxMutation = 0.2,
roundRobin = false
