generation,# of moves until defeat playing first against minimax,# of moves until defeat playing second against minimax
10,19,18
100,23,16
11,17,16
12,19,18
13,17,16
14,19,18
15,17,16
16,17,14
17,13,10
18,13,10
19,19,12
2,15,16
20,19,12
21,17,16
22,21,16
23,21,16
24,21,16
25,19,16
26,21,16
27,19,16
28,21,16
29,19,16
3,15,16
30,25,16
31,19,16
32,25,16
33,19,16
34,25,16
35,19,16
36,25,16
37,19,16
38,19,10
39,17,16
4,17,16
40,19,10
41,17,18
42,19,10
43,15,20
44,17,16
45,15,20
46,17,16
47,15,20
48,19,20
49,19,20
5,17,16
50,23,20
51,19,20
52,17,20
53,25,16
54,17,20
55,17,16
56,17,20
57,21,16
58,15,16
59,17,20
6,17,16
60,17,16
61,17,20
62,19,10
63,29,18
64,27,12
65,17,20
66,15,20
67,15,16
68,15,16
69,15,16
7,17,16
70,15,16
71,17,20
72,17,20
73,17,20
74,17,20
75,17,20
76,17,20
77,17,20
78,17,20
79,17,20
8,19,18
80,17,20
81,17,20
82,17,20
83,17,20
84,17,20
85,17,20
86,17,20
87,23,16
88,23,16
89,23,16
9,17,16
90,23,16
91,23,16
92,23,16
93,23,16
94,23,16
95,23,16
96,23,16
97,23,16
98,23,16
99,23,16

Time elapsed: 61106
Parameters used:
popSize = 20,
keepNBest = 10,
mutationRate = 0.7,
crossoverRate = 0.7,
maxMutation = 0.2,
roundRobin = false
