generation,# of moves until defeat playing first against minimax,# of moves until defeat playing second against minimax
10,17,10
100,17,10
101,21,14
102,15,12
11,15,10
12,15,10
13,15,10
14,15,10
15,17,14
16,15,10
17,17,10
18,17,10
19,17,10
2,17,10
20,17,10
21,17,10
22,17,10
23,17,10
24,17,10
25,17,10
26,17,10
27,17,12
28,17,12
29,17,12
3,17,10
30,17,12
31,17,12
32,17,12
33,17,12
34,17,10
35,17,10
36,17,10
37,17,10
38,17,10
39,17,10
4,17,10
40,17,10
41,17,10
42,17,10
43,17,10
44,17,10
45,17,10
46,17,10
47,17,16
48,17,10
49,17,16
5,17,10
50,17,16
51,17,16
52,17,8
53,17,16
54,17,8
55,17,16
56,17,10
57,17,18
58,21,12
59,21,12
6,17,10
60,21,12
61,21,12
62,21,12
63,21,12
64,21,12
65,21,12
66,21,20
67,21,20
68,21,20
69,21,20
7,15,10
70,21,20
71,17,12
72,21,20
73,17,12
74,21,20
75,15,10
76,17,12
77,15,10
78,17,12
79,17,14
8,17,10
80,17,12
81,21,10
82,17,10
83,23,12
84,17,10
85,23,12
86,23,10
87,21,10
88,17,14
89,17,12
9,15,10
90,17,12
91,17,12
92,11,12
93,11,12
94,17,10
95,17,10
96,17,10
97,17,10
98,13,12
99,17,14

Time elapsed: 266658
Parameters used:
popSize = 100,
keepNBest = 50,
mutationRate = 0.2,
crossoverRate = 0.9,
maxMutation = 0.2,
roundRobin = true
