generation,# of moves until defeat playing first against minimax,# of moves until defeat playing second against minimax
10,17,10
100,17,10
101,17,10
102,17,10
11,17,10
12,17,10
13,17,10
14,17,10
15,17,10
16,17,10
17,17,10
18,17,10
19,17,10
2,17,10
20,17,10
21,17,10
22,17,10
23,17,10
24,17,10
25,17,10
26,17,10
27,17,10
28,17,10
29,17,10
3,17,10
30,17,10
31,17,10
32,17,10
33,17,10
34,17,10
35,17,10
36,17,10
37,17,10
38,17,10
39,17,10
4,17,10
40,17,10
41,17,10
42,17,10
43,17,10
44,17,10
45,17,10
46,17,10
47,17,10
48,17,10
49,17,10
5,17,8
50,17,10
51,17,10
52,17,10
53,17,10
54,17,10
55,17,10
56,17,10
57,17,10
58,17,10
59,17,10
6,17,10
60,17,10
61,17,10
62,17,10
63,17,10
64,17,10
65,17,10
66,17,10
67,17,10
68,17,10
69,17,10
7,17,10
70,17,10
71,17,10
72,17,10
73,17,10
74,17,10
75,17,10
76,17,10
77,17,10
78,17,10
79,17,10
8,17,10
80,17,10
81,17,10
82,17,10
83,17,10
84,17,10
85,17,10
86,17,10
87,17,10
88,17,10
89,17,10
9,17,10
90,17,10
91,17,10
92,17,10
93,17,10
94,17,10
95,17,10
96,17,10
97,17,10
98,17,10
99,17,10

Time elapsed: 350160
Parameters used:
popSize = 100,
keepNBest = 50,
mutationRate = 0.2,
crossoverRate = 0.7,
maxMutation = 0.2,
roundRobin = true
