generation,# of moves until defeat playing first against minimax,# of moves until defeat playing second against minimax
10,11,8
100,19,10
101,25,10
102,21,10
103,25,10
11,11,8
12,11,8
13,11,8
14,11,8
15,11,8
16,11,8
17,11,8
18,11,8
19,11,8
2,11,8
20,11,8
21,11,8
22,11,8
23,11,8
24,11,8
25,11,8
26,11,8
27,11,8
28,11,8
29,11,8
3,11,8
30,11,8
31,11,8
32,11,8
33,11,8
34,11,8
35,11,8
36,11,8
37,11,8
38,15,16
39,15,16
4,11,8
40,21,10
41,21,10
42,21,10
43,21,10
44,21,10
45,21,10
46,21,10
47,21,10
48,21,10
49,21,10
5,11,8
50,17,10
51,25,10
52,25,10
53,25,10
54,19,10
55,19,10
56,19,10
57,19,10
58,19,10
59,19,10
6,11,8
60,13,10
61,13,10
62,13,10
63,13,10
64,13,10
65,13,10
66,13,10
67,13,10
68,13,10
69,13,10
7,11,8
70,13,10
71,15,10
72,13,10
73,15,10
74,13,10
75,15,10
76,13,10
77,15,10
78,33,10
79,21,10
8,11,8
80,33,10
81,21,10
82,21,10
83,13,10
84,13,10
85,13,10
86,13,10
87,13,10
88,13,10
89,13,10
9,11,8
90,13,10
91,13,10
92,13,10
93,17,10
94,17,10
95,17,10
96,19,10
97,17,10
98,19,10
99,25,10

Time elapsed: 202979
Parameters used:
popSize = 100,
keepNBest = 50,
mutationRate = 0.2,
crossoverRate = 0.8,
maxMutation = 0.2,
roundRobin = true
