generation,# of moves until defeat playing first against minimax,# of moves until defeat playing second against minimax
10,21,18
100,15,22
101,15,22
102,15,22
103,15,22
104,15,22
105,15,22
106,15,22
107,15,18
108,15,22
11,21,18
12,21,18
13,21,18
14,21,18
15,21,18
16,21,18
17,21,18
18,21,18
19,15,22
2,15,18
20,21,18
21,15,22
22,21,18
23,15,22
24,21,18
25,15,22
26,21,18
27,15,24
28,21,18
29,15,10
3,21,18
30,21,18
31,15,10
32,17,24
33,15,18
34,15,18
35,15,18
36,15,18
37,15,18
38,19,22
39,15,18
4,21,18
40,19,22
41,15,18
42,19,22
43,15,22
44,15,22
45,15,22
46,15,22
47,15,22
48,15,22
49,15,22
5,21,18
50,15,22
51,15,22
52,15,22
53,15,22
54,15,22
55,15,22
56,15,22
57,15,22
58,15,22
59,15,22
6,21,18
60,15,22
61,15,22
62,15,22
63,15,22
64,15,22
65,15,22
66,15,22
67,15,22
68,15,22
69,15,22
7,21,18
70,15,22
71,15,22
72,15,22
73,15,22
74,15,22
75,15,22
76,15,22
77,15,22
78,15,22
79,15,22
8,21,18
80,15,22
81,15,22
82,15,22
83,15,22
84,15,22
85,15,22
86,15,22
87,15,22
88,15,22
89,15,22
9,21,18
90,15,22
91,15,22
92,15,22
93,15,22
94,15,22
95,15,22
96,15,22
97,15,22
98,15,22
99,15,22

Time elapsed: 371648
Parameters used:
popSize = 50,
keepNBest = 40,
mutationRate = 0.2,
crossoverRate = 0.7,
maxMutation = 0.2,
roundRobin = false
