generation,# of moves until defeat playing first against minimax,# of moves until defeat playing second against minimax
10,13,12
100,19,12
11,13,12
12,13,12
13,23,16
14,13,12
15,23,16
16,13,12
17,15,14
18,13,12
19,15,14
2,15,16
20,13,12
21,15,14
22,13,12
23,15,14
24,13,12
25,15,14
26,13,12
27,13,16
28,13,12
29,13,16
3,15,16
30,23,16
31,13,16
32,23,16
33,13,16
34,23,16
35,13,16
36,23,16
37,13,16
38,23,16
39,13,16
4,21,16
40,23,16
41,13,16
42,23,16
43,13,16
44,23,16
45,13,16
46,23,16
47,13,16
48,13,16
49,13,16
5,15,12
50,13,16
51,13,16
52,13,16
53,23,16
54,13,16
55,19,12
56,19,12
57,19,12
58,19,12
59,19,12
6,23,14
60,19,12
61,19,12
62,19,12
63,19,12
64,19,12
65,19,12
66,19,12
67,19,12
68,19,12
69,19,12
7,23,14
70,19,12
71,19,12
72,19,12
73,19,12
74,19,12
75,19,12
76,19,12
77,19,12
78,19,12
79,19,12
8,13,12
80,19,12
81,19,12
82,19,12
83,19,12
84,19,12
85,19,12
86,19,12
87,19,12
88,19,12
89,19,12
9,13,12
90,19,12
91,19,12
92,19,12
93,19,12
94,19,12
95,19,12
96,19,12
97,19,12
98,19,12
99,19,12

Time elapsed: 40296
Parameters used:
popSize = 20,
keepNBest = 10,
mutationRate = 0.4,
crossoverRate = 0.7,
maxMutation = 0.2,
roundRobin = false
