generation,# of moves until defeat playing first against minimax,# of moves until defeat playing second against minimax
10,17,10
100,27,26
101,27,26
102,27,26
11,17,10
12,17,10
13,15,8
14,15,10
15,15,10
16,15,10
17,15,10
18,15,10
19,15,10
2,17,10
20,15,10
21,15,10
22,15,10
23,17,10
24,27,12
25,27,12
26,27,12
27,27,12
28,27,12
29,33,18
3,17,10
30,33,18
31,33,18
32,33,18
33,33,18
34,33,18
35,33,18
36,33,18
37,33,18
38,33,18
39,33,18
4,17,10
40,33,18
41,33,18
42,33,18
43,33,18
44,33,18
45,23,10
46,23,10
47,23,10
48,23,10
49,23,10
5,17,10
50,23,10
51,23,10
52,33,22
53,33,22
54,33,22
55,33,22
56,27,12
57,33,22
58,27,12
59,15,22
6,17,10
60,27,12
61,15,22
62,27,12
63,15,22
64,27,26
65,27,26
66,27,26
67,27,26
68,27,26
69,27,26
7,17,10
70,27,26
71,27,26
72,27,26
73,27,26
74,27,26
75,27,26
76,27,26
77,27,26
78,27,26
79,27,26
8,17,10
80,27,26
81,27,26
82,27,26
83,27,26
84,27,26
85,27,26
86,27,26
87,27,26
88,27,26
89,27,26
9,17,10
90,27,26
91,27,26
92,27,26
93,27,26
94,27,26
95,27,26
96,27,26
97,27,26
98,27,26
99,27,26

Time elapsed: 572057
Parameters used:
popSize = 100,
keepNBest = 50,
mutationRate = 0.2,
crossoverRate = 0.6,
maxMutation = 0.2,
roundRobin = true
