generation,# of moves until defeat playing first against minimax,# of moves until defeat playing second against minimax
10,15,10
100,15,14
101,15,30
102,15,14
11,15,16
12,15,10
13,15,16
14,15,10
15,15,16
16,15,10
17,15,16
18,23,22
19,23,22
2,15,10
20,23,22
21,23,22
22,23,22
23,23,22
24,23,22
25,23,22
26,23,22
27,23,22
28,23,22
29,23,22
3,15,10
30,23,22
31,23,22
32,23,22
33,23,22
34,11,14
35,15,14
36,15,14
37,15,14
38,15,14
39,15,14
4,21,16
40,15,14
41,15,14
42,15,14
43,15,14
44,15,14
45,15,14
46,15,14
47,15,14
48,15,14
49,15,14
5,21,16
50,15,14
51,15,14
52,15,14
53,15,14
54,15,14
55,15,14
56,15,14
57,15,14
58,15,14
59,15,14
6,21,16
60,15,14
61,15,14
62,15,14
63,15,14
64,15,14
65,15,14
66,15,14
67,19,14
68,19,14
69,19,14
7,21,16
70,19,14
71,19,14
72,19,14
73,19,14
74,19,14
75,15,14
76,19,14
77,15,14
78,19,14
79,15,14
8,15,10
80,19,14
81,15,14
82,19,14
83,15,14
84,15,14
85,15,14
86,15,14
87,15,14
88,15,14
89,15,14
9,15,16
90,15,14
91,15,14
92,15,14
93,17,22
94,15,14
95,17,22
96,15,14
97,17,34
98,15,14
99,15,30

Time elapsed: 269964
Parameters used:
popSize = 20,
keepNBest = 10,
mutationRate = 0.2,
crossoverRate = 0.7,
maxMutation = 0.8,
roundRobin = true
