generation,# of moves until defeat playing first against minimax,# of moves until defeat playing second against minimax
10,23,10
100,21,10
101,21,10
102,21,10
11,23,10
12,23,10
13,23,10
14,23,10
15,21,10
16,23,10
17,21,10
18,23,10
19,21,10
2,15,16
20,23,10
21,21,10
22,23,10
23,13,12
24,13,12
25,13,12
26,13,12
27,13,12
28,13,12
29,13,12
3,15,16
30,13,12
31,13,12
32,13,12
33,13,12
34,15,10
35,15,10
36,15,10
37,19,10
38,19,10
39,19,10
4,15,16
40,19,10
41,19,10
42,19,10
43,19,10
44,19,10
45,19,10
46,19,10
47,19,10
48,19,10
49,19,10
5,15,16
50,19,10
51,19,10
52,19,10
53,19,10
54,19,10
55,21,10
56,21,10
57,21,10
58,21,10
59,21,10
6,23,10
60,21,10
61,21,10
62,21,10
63,21,10
64,21,10
65,21,10
66,21,10
67,21,10
68,21,10
69,21,10
7,23,10
70,21,10
71,21,10
72,21,10
73,21,10
74,21,10
75,21,10
76,21,10
77,21,10
78,25,10
79,21,10
8,23,10
80,25,10
81,21,10
82,25,10
83,21,10
84,25,10
85,21,10
86,25,10
87,21,10
88,21,10
89,21,10
9,23,10
90,13,10
91,21,10
92,13,10
93,21,10
94,13,10
95,21,10
96,21,10
97,21,10
98,21,10
99,21,10

Time elapsed: 475704
Parameters used:
popSize = 20,
keepNBest = 10,
mutationRate = 0.2,
crossoverRate = 0.7,
maxMutation = 0.2,
roundRobin = true
