generation,# of moves until defeat playing first against minimax,# of moves until defeat playing second against minimax
10,41,14
100,23,18
101,23,18
102,23,18
11,41,14
12,41,14
13,41,14
14,41,14
15,41,14
16,41,14
17,41,14
18,41,14
19,41,14
2,15,24
20,25,14
21,41,14
22,25,14
23,41,14
24,25,14
25,23,18
26,25,14
27,23,18
28,25,14
29,23,14
3,15,24
30,23,14
31,23,14
32,23,14
33,23,14
34,23,14
35,23,14
36,17,14
37,23,14
38,13,14
39,13,14
4,15,24
40,13,14
41,13,14
42,13,14
43,13,14
44,13,14
45,13,14
46,13,14
47,13,14
48,13,14
49,13,14
5,15,24
50,13,14
51,13,14
52,13,14
53,13,14
54,13,14
55,13,14
56,13,14
57,13,14
58,13,14
59,13,14
6,15,24
60,13,14
61,23,14
62,13,14
63,25,14
64,13,14
65,25,14
66,23,20
67,23,20
68,23,20
69,23,20
7,15,24
70,17,16
71,23,20
72,17,16
73,23,18
74,17,16
75,13,12
76,13,12
77,13,12
78,13,12
79,13,12
8,41,14
80,13,12
81,13,12
82,23,18
83,23,18
84,23,18
85,23,18
86,23,18
87,23,18
88,23,18
89,23,18
9,41,14
90,23,18
91,23,18
92,23,18
93,23,18
94,23,18
95,23,18
96,23,18
97,23,18
98,23,18
99,23,18

Time elapsed: 486464
Parameters used:
popSize = 20,
keepNBest = 10,
mutationRate = 0.2,
crossoverRate = 0.7,
maxMutation = 0.9,
roundRobin = true
