generation,# of moves until defeat playing first against minimax,# of moves until defeat playing second against minimax
10,17,10
100,15,10
101,15,10
11,13,12
12,13,12
13,13,12
14,13,12
15,13,12
16,13,12
17,13,12
18,15,12
19,17,10
2,11,8
20,17,10
21,17,10
22,17,10
23,17,10
24,17,10
25,17,10
26,17,10
27,17,10
28,27,10
29,17,10
3,15,10
30,27,10
31,25,10
32,25,10
33,25,10
34,25,10
35,25,10
36,25,10
37,25,10
38,25,10
39,25,10
4,15,10
40,13,10
41,25,10
42,15,10
43,31,10
44,27,10
45,33,10
46,33,10
47,33,10
48,33,10
49,33,10
5,35,10
50,33,10
51,33,10
52,29,10
53,33,10
54,31,12
55,31,12
56,27,12
57,31,12
58,15,10
59,31,12
6,15,10
60,29,16
61,15,10
62,29,16
63,15,10
64,29,16
65,15,12
66,25,12
67,25,10
68,25,10
69,25,10
7,11,8
70,25,10
71,25,10
72,25,10
73,25,10
74,25,10
75,25,10
76,25,10
77,25,10
78,25,10
79,25,10
8,11,8
80,25,10
81,25,10
82,25,10
83,25,10
84,25,10
85,25,10
86,25,10
87,25,10
88,25,10
89,15,10
9,17,10
90,15,10
91,15,10
92,15,10
93,15,10
94,15,10
95,15,10
96,15,10
97,15,10
98,15,10
99,15,10

Time elapsed: 221757
Parameters used:
popSize = 50,
keepNBest = 10,
mutationRate = 0.2,
crossoverRate = 0.7,
maxMutation = 0.2,
roundRobin = false
