generation,# of moves until defeat playing first against minimax,# of moves until defeat playing second against minimax
10,15,14
100,19,8
101,19,8
102,19,8
11,15,14
12,15,14
13,15,14
14,15,14
15,15,14
16,27,8
17,27,8
18,27,8
19,27,8
2,15,16
20,27,8
21,27,8
22,27,8
23,27,8
24,27,8
25,27,8
26,27,8
27,27,8
28,27,8
29,27,8
3,15,16
30,27,8
31,27,8
32,27,8
33,27,8
34,15,16
35,15,16
36,15,16
37,19,18
38,15,16
39,27,14
4,15,14
40,27,14
41,27,14
42,27,14
43,27,14
44,17,18
45,27,14
46,17,18
47,27,14
48,17,18
49,27,14
5,15,14
50,17,18
51,17,8
52,17,18
53,17,8
54,17,18
55,17,8
56,17,18
57,17,8
58,17,18
59,17,8
6,15,16
60,17,18
61,17,8
62,17,18
63,17,8
64,17,18
65,33,8
66,17,18
67,33,8
68,17,18
69,33,8
7,15,14
70,17,18
71,33,8
72,17,18
73,19,8
74,19,8
75,19,8
76,19,8
77,19,8
78,19,8
79,19,8
8,15,14
80,19,8
81,19,8
82,19,8
83,19,8
84,19,8
85,19,8
86,19,8
87,19,8
88,19,8
89,19,8
9,15,14
90,19,8
91,19,8
92,19,8
93,19,8
94,19,8
95,19,8
96,19,8
97,19,8
98,19,8
99,19,8

Time elapsed: 707298
Parameters used:
popSize = 20,
keepNBest = 10,
mutationRate = 0.2,
crossoverRate = 0.7,
maxMutation = 0.3,
roundRobin = true
