generation,# of moves until defeat playing first against minimax,# of moves until defeat playing second against minimax
10,17,10
100,19,10
101,19,10
102,19,10
103,21,10
104,19,10
105,21,10
106,19,10
107,21,10
108,19,10
109,21,10
11,17,16
110,19,10
111,21,10
112,19,10
113,21,10
114,19,10
115,21,10
116,19,10
117,21,10
118,19,10
119,21,10
12,17,10
120,19,10
121,21,10
122,19,10
123,21,10
124,19,10
125,21,10
126,19,10
127,21,10
128,19,10
129,21,10
13,17,16
130,19,10
14,13,10
15,17,16
16,13,10
17,17,10
18,13,10
19,17,10
2,17,16
20,13,10
21,19,10
22,19,10
23,19,10
24,19,10
25,19,10
26,17,10
27,17,10
28,17,10
29,17,10
3,17,16
30,17,10
31,17,10
32,17,10
33,17,10
34,17,10
35,17,10
36,17,10
37,17,10
38,17,10
39,17,10
4,17,16
40,17,10
41,17,10
42,17,10
43,17,10
44,17,10
45,17,10
46,17,10
47,17,10
48,15,10
49,15,10
5,17,16
50,15,10
51,15,10
52,15,10
53,15,10
54,19,10
55,19,10
56,19,10
57,15,10
58,19,10
59,15,10
6,17,16
60,19,10
61,15,10
62,19,10
63,15,10
64,19,10
65,15,10
66,19,10
67,15,10
68,19,10
69,15,10
7,17,16
70,19,10
71,15,10
72,19,10
73,15,10
74,19,10
75,15,10
76,19,10
77,15,10
78,19,10
79,15,10
8,17,10
80,19,10
81,15,10
82,19,10
83,15,10
84,19,10
85,15,10
86,19,10
87,15,10
88,19,10
89,15,10
9,17,16
90,19,10
91,15,10
92,19,10
93,15,10
94,19,10
95,15,10
96,19,10
97,15,10
98,19,10
99,19,10

Time elapsed: 276164
Parameters used:
popSize = 100,
keepNBest = 90,
mutationRate = 0.2,
crossoverRate = 0.7,
maxMutation = 0.2,
roundRobin = false
