generation,# of moves until defeat playing first against minimax,# of moves until defeat playing second against minimax
10,19,8
100,13,8
101,11,8
102,13,8
103,11,8
104,15,8
105,11,8
106,15,8
107,15,8
108,11,8
109,11,8
11,19,8
110,11,8
111,15,14
112,13,8
113,15,14
12,19,8
13,19,8
14,19,8
15,19,8
16,19,8
17,19,8
18,19,8
19,19,8
2,15,16
20,19,8
21,19,8
22,19,8
23,19,8
24,19,8
25,19,8
26,11,8
27,13,8
28,11,8
29,21,8
3,17,8
30,11,8
31,21,8
32,11,8
33,11,8
34,11,8
35,11,8
36,11,8
37,11,8
38,11,8
39,11,8
4,11,8
40,15,8
41,23,8
42,11,8
43,23,8
44,11,8
45,11,8
46,21,8
47,11,8
48,19,8
49,13,8
5,11,8
50,15,8
51,11,8
52,15,8
53,15,8
54,19,8
55,21,8
56,17,8
57,11,8
58,11,8
59,15,8
6,15,8
60,15,8
61,15,8
62,15,8
63,15,8
64,15,8
65,15,8
66,15,8
67,15,8
68,15,8
69,15,16
7,21,8
70,11,8
71,15,16
72,11,8
73,15,16
74,11,8
75,11,8
76,11,8
77,19,14
78,11,8
79,19,14
8,21,8
80,11,8
81,19,14
82,15,8
83,11,8
84,15,8
85,11,8
86,21,8
87,11,8
88,21,8
89,23,8
9,19,8
90,11,8
91,19,8
92,19,14
93,11,8
94,15,16
95,19,14
96,17,16
97,15,8
98,15,16
99,15,8

Time elapsed: 147797
Parameters used:
popSize = 100,
keepNBest = 50,
mutationRate = 0.2,
crossoverRate = 0.7,
maxMutation = 0.2,
roundRobin = true
